52077
52080
52081
52082
52083
52084
52085
52120
52121
52131
52132
52133
52134
52135
52136
52139
52149
52150
52153
52154
52155
52156
52157
52158
52159
52160
52161
52164
52165
52167
52173
52176
52179
52182
52185
52186
52188
52193
52200
52202
52203
52204
52205
52206
52207
52208
52209
52210
52211
52212
52213
52214
52224
52225
52226
52227
52228
52229
52230
52231
52232
52233
52234
52235
52237
52238
52239
52240
52241
52242
52243
52244
52245
52246
52247
52248
52249
52250
52251
52252
52253
52254
52255
52256
52257
52258
52259
52260
52261
52262
52263
52264
52265
52266
52267
52268
52269
52270
52271
52272
52273
52274
52277
52278
52279
52280
52281
52282
52283
52284
52285
52286
52287
52288
52289
