51896
51897
51898
51899
51900
51906
51907
51908
51909
51911
51913
51915
51916
51917
51918
51919
51920
51921
51922
51928
51930
51931
51932
51933
51934
51935
51936
51938
51939
51940
51941
51942
51943
51944
51945
51946
51947
51948
51949
51950
51951
51952
51953
51954
51959
51960
51961
51964
51965
51967
51968
51969
51970
51971
51973
51974
51975
51976
51977
51978
51979
51980
51981
51982
51983
51984
51985
51986
51987
51988
51989
51990
51991
51992
51993
51994
51995
51996
51998
51999
52000
52001
52002
52003
52004
52005
52006
52007
52008
52009
52010
52011
52012
52013
52014
52015
52016
52017
52024
52025
52026
52027
52028
52029
52030
52031
52032
52033
52034
52035
52036
52037
52038
52039
52040
