50770
50774
50775
50777
50778
50779
50780
50781
50785
50786
50787
50788
50789
50790
50791
50792
50793
50794
50795
50796
50800
50801
50802
50803
50804
50805
50807
50810
50811
50812
50813
50814
50815
50816
50817
50818
50819
50821
50823
50824
50825
50826
50827
50828
50829
50831
50841
50842
50844
50852
50853
50854
50856
50857
50858
50859
50880
50882
50884
50888
50889
50891
50892
50895
50896
50897
50899
50900
50901
50902
50903
50906
50907
50908
50925
50926
50928
50929
50930
50933
50934
50937
50938
50940
50942
50943
50944
50946
50947
50948
50954
50956
50958
50959
50960
50962
50965
50966
50967
50977
50978
50980
50981
50982
