52054
52216
52275
52295
52077
52080
52081
52082
52083
52084
52085
52120
52121
52131
52132
52133
52134
52135
52136
52139
52149
52150
52153
52154
52155
52156
52157
52158
52159
52160
52161
52164
52165
52167
52173
52176
52179
52182
52185
52186
52188
52193
52200
52202
52203
52204
52205
52206
52207
52208
52209
52210
52211
52212
52213
52214
52224
52225
52226
52227
52228
52229
52230
52231
52232
52233
52234
52235
52237
52238
52239
52240
52241
52242
52243
52244
52245
52246
52247
52248
52249
52250
52251
52252
52253
52254
52255
52256
52257
52258
52259
52260
52261
52262
52263
52264
52265
52266
52267
52268
52269
52270
52271
52272
52273
52274
52277
52278
52279
52280
52281
52282
52283
52284
52285
52286
52287
52288
52289
51222
51957
51244
51273
51274
51315
51317
51332
51333
51390
51407
51413
51886
51890
52019
52022
51896
51897
51898
51899
51900
51906
51907
51908
51909
51911
51913
51915
51916
51917
51918
51919
51920
51921
51922
51928
51930
51931
51932
51933
51934
51935
51936
51938
51939
51940
51941
51942
51943
51944
51945
51946
51947
51948
51949
51950
51951
51952
51953
51954
51959
51960
51961
51964
51965
51967
51968
51969
51970
51971
51973
51974
51975
51976
51977
51978
51979
51980
51981
51982
51983
51984
51985
51986
51987
51988
51989
51990
51991
51992
51993
51994
51995
51996
51998
51999
52000
52001
52002
52003
52004
52005
52006
52007
52008
52009
52010
52011
52012
52013
52014
52015
52016
52017
52024
52025
52026
52027
52028
52029
52030
52031
52032
52033
52034
52035
52036
52037
52038
52039
52040
51181
51182
51192
51193
51194
51196
51197
51198
51207
51208
51210
51211
51212
51214
51229
51242
51246
51258
51259
51266
51279
51283
51307
51309
51331
51346
51349
51351
51358
51360
51361
51364
51367
51368
51369
51370
51373
51374
51375
51377
51378
51379
51380
51382
51383
51384
51385
51386
51414
51416
51417
51418
51419
51420
51421
51422
51423
51424
51425
51426
51427
51428
51429
51430
51431
51432
51433
51435
51436
51437
51443
51446
51448
51458
51471
51472
51484
50626
50627
50628
50629
50630
50633
50636
50668
50669
50670
50671
50641
50643
50651
50653
51569
51576
51577
51581
51627
51716
51587
51588
51589
51590
51591
51592
51593
51594
51595
51596
51597
51598
51599
51602
51603
51604
51605
51606
51608
51609
51610
51611
51615
51616
51617
51618
51619
51620
51621
51622
51623
51624
51625
51626
51629
51630
51631
51632
51633
51634
51635
51636
51637
51638
51639
51640
51641
51642
51643
51645
51646
51647
51648
51649
51650
51652
51653
51654
51655
51656
51657
51658
51659
51660
51661
51662
51663
51664
51665
51666
51667
51668
51669
51670
51671
51673
51675
51676
51677
51678
51679
51680
51681
51696
51697
51698
51699
51700
51702
51703
51704
51705
51706
51707
51708
51709
51710
51711
51712
51713
51714
51718
51719
51720
51721
51722
51723
51724
51725
51726
51727
51728
51729
51730
51731
51732
51734
51735
51736
51737
51738
51739
51740
51741
51742
51743
51744
51745
51746
51747
51748
51749
51750
51751
51752
51753
51754
51755
51756
51757
51758
51760
51761
51762
51763
51764
51765
51766
51767
51768
51770
51771
51772
51773
51774
51775
51776
51777
51778
51779
51780
51781
51782
51783
51784
51785
51787
51788
51789
51790
51799
51800
51801
51802
51803
51804
51805
51806
51807
51808
51810
51811
51812
51813
51814
51815
51816
51817
51818
51819
51820
51821
51822
51823
51824
51825
51826
51827
51828
51829
51830
51831
51832
51833
51834
51835
51836
51837
51838
51839
51840
51841
51842
51843
51844
51845
51847
51848
51849
51850
51851
51852
51853
51854
51855
51856
51857
51858
51859
51860
51861
51862
51863
51864
51865
51866
51867
51507
51508
51509
51510
51511
51512
51514
51515
51516
51517
51518
51519
51520
51521
51522
51523
51524
51525
51526
51527
51528
51529
51530
51532
51533
51534
51535
51536
51537
51538
51539
51540
51541
51542
51543
51544
51545
51546
51547
51548
51549
51550
51551
51552
51553
51554
51555
51556
51557
51558
51559
51560
51561
51562
51563
51564
51566
51567
51568
51578
50998
51003
51010
51049
51052
51146
51004
51005
51006
51007
51008
51041
51042
51044
51045
51046
51047
51048
51055
51056
51058
51059
51061
51062
51063
51065
51067
51068
51069
51074
51076
51104
51105
51106
51110
51111
51112
51113
51114
51118
51119
51120
51121
51122
51123
51124
51148
51149
51150
51151
51152
51153
51154
50838
50836
50837
50862
50916
50920
50770
50774
50775
50777
50778
50779
50780
50781
50785
50786
50787
50788
50789
50790
50791
50792
50793
50794
50795
50796
50800
50801
50802
50803
50804
50805
50807
50810
50811
50812
50813
50814
50815
50816
50817
50818
50819
50821
50823
50824
50825
50826
50827
50828
50829
50831
50841
50842
50844
50852
50853
50854
50856
50857
50858
50859
50880
50882
50884
50888
50889
50891
50892
50895
50896
50897
50899
50900
50901
50902
50903
50906
50907
50908
50925
50926
50928
50929
50930
50933
50934
50937
50938
50940
50942
50943
50944
50946
50947
50948
50954
50956
50958
50959
50960
50962
50965
50966
50967
50977
50978
50980
50981
50982
